5566730246004649|08|2027|620
5566730243055867|12|2028|162
4722800070704590|11|2027|178
6516590112507227|10|2032|009
5263260008925365|12|2027|560
5126820096049423|10|2028|670
5502095588741688|04|2031|685
377169000004976|07|2028|2768
6504870005972041|05|2028|983
4984080007246782|07|2028|709
4854640035735929|09|2028|795
6504870008109070|10|2028|053
374769008239699|05|2028|6754
6505070399117522|10|2032|326
370225411350486|01|2030|1433
370225946838179|01|2030|1712
4220538801159059|02|2028|063
4145060247700422|10|2029|373
6516770166032591|10|2032|836
374767001644709|09|2029|2644
4984073014164718|06|2029|130
376629001070913|07|2030|7656
4159440012798152|01|2026|904
4078430093669511|02|2028|612
6550007249727096|04|2027|156
5124270002305406|10|2026|812
4219580036309573|01|2028|024
6505970110691905|07|2030|372
4219600120488198|12|2027|766
5544738539467115|06|2031|978
5544738539467115|06|2031|978
4078430067081800|08|2026|711
6505830009891067|12|2028|008
6505830009844082|12|2028|581
5365186448078118|09|2028|071
4984018042724504|11|2026|874
4217491684882758|03|2031|926
4349492659442694|04|2029|976
4066699942408727|07|2031|880
6516670004900407|03|2029|616
376473000472907|01|2033|6918
5149110009577907|09|2027|080
5582859906330745|10|2026|161
376474000887938|07|2030|6619
4388576156005145|07|2027|414
4266841801591460|01|2029|046
379967004959709|07|2030|4363
4066699930070950|10|2027|596
5350810710113561|09|26|604
5149110009577907|09|2027|080
5149110009577907|09|2027|080
6505968792592748|08|2026|168
4984069416652128|07|2029|722
374769004370837|05|2028|8172
4984081726679824|10|2029|543
5151040002728121|06|2030|718
374769001110533|11|2027|6334
4500655020905798|11|2025|869
4806320169095627|09|2025|138
4090132358116378|09|2027|152
4219580340948678|12|2027|006
377169924721028|08|2030|0265
4593840350831016|10|2031|347
4532117188095120|05|2032|979
4532117140690331|11|2026|005
5536361713734034|05|2031|243
4795656801895087|11|2027|025
4984080016707584|04|2029|534
4854646142743730|10|2028|386
4066699954360303|02|2033|317
4066699935352734|06|2028|712
4682123495561687|05|2028|801
6516560030010646|06|2028|153
4984424530833916|12|2027|634
4984423543417667|02|2029|189
5485140207208098|07|2029|776
4914129330862164|06|2027|421
4271676842685019|11|2027|044
4066699956416673|02|2033|986
6516529994714584|09|2026|562
4107150947350200|05|2026|267
4854641231576166|05|2028|255
6505830005384562|05|2028|647
4984424545404950|09|2028|428
5253280246218433|02|2032|832
4984070009265765|12|2028|288
4850110000749762|04|2026|881
4230710009950286|09|2028|297
4646111111336399|09|2025|688
5268630774869788|02|2032|600
4078381535205861|09|2027|859
5441991889439572|06|2026|679
6516529993959875|04|2027|660
5140871376684068|03|2032|514
4220611385567789|12|2028|300
4771750522579647|10|2030|345
4568580658901100|11|2026|071
374760994542410|05|2028|4902
5307802918413962|02|2029|709
5523161001347597|10|2032|202
4159440012536057|07|2026|140
4551811073571619|10|2025|194
5201324753135334|12|2028|002
4023601044953222|06|2029|883
5226260502099341|09|2030|530
4066699936946989|03|2032|177
4169160834332430|11|2026|027
4066699936946989|03|2032|177
4268070339023584|08|2026|503
4169160823417010|07|2026|882
4463511754955019|08|2026|896
4169160804084870|02|2026|551
6509149994026332|11|2025|779
4540750048940596|11|2029|898
4075050298155604|01|2031|909
4551850505901838|12|2027|594
4641270010565410|02|2028|243
4722800567048857|06|2026|829
4854640020388072|07|2028|549
4722800079782993|09|2025|531
4722790091435326|03|2030|325
4075050298155604|01|2031|909
4722800079782993|09|2025|531
4722800567048857|06|2026|829
4346397067488010|09|2027|071
6509149994026332|11|2025|779
4066559982617985|05|2028|069
5317059864042620|05|2030|553
4793760006619789|09|2025|746
4411201697849072|12|2026|073
4040241829090665|07|2026|968
4830420073967422|05|2026|192
4893910339959928|06|2028|053
4641270010565410|02|2028|243
6516560023886747|11|2027|175
4551850509559905|08|2025|297
6516560019889739|10|2027|400
5536682712493565|12|2025|482
4066559982617985|05|2028|069
4722790091435326|03|2030|325
4158968593560055|12|2032|642
4147202560927285|08|2027|888
6507270040431144|07|2027|849
4220530591286119|01|2029|296
374769008791814|04|2028|3195
4066559986950549|03|2028|203
376436000828923|05|2028|0596
4551831118442469|08|2027|913
4682123483217540|10|2027|437
4722790091435326|03|2030|325
4551841100061573|11|2027|432
4066550009221570|04|2028|028
5468528065955118|12|2027|921
4066699932856844|05|2028|494
374769009067362|06|2028|3661
4551850509559905|08|2025|297
4066559963004104|07|2025|126
4893910339959928|06|2028|053
6504859856642746|09|2027|556
4158964114347718|03|2028|358
4745259417678541|07|25|175
4066699929195222|11|2025|559
5544630035099130|07|2030|480
6504859856642746|09|2027|556
4546420030010170|11|2027|554
4546590915271764|10|2027|708
4555990025559504|05|2028|543
4224112230003696|09|2025|727
6516560015499368|06|2027|909
4147181428672954|12|2026|787
4551831118442469|08|2027|913
6504859856642746|09|2027|556
5526933077216915|12|2028|646
5090911530608205|03|2026|009
5090911530608205|03|2026|009
5502097134385218|10|2029|175
6507270034727002|03|2027|920
6507270041729652|08|2027|525
4931037070017510|06|2026|485
5485739378301226|03|2026|871
5218921009086632|07|2026|017
6507270027863350|10|2026|409
4444562529646114|10|2026|229
4984076079080257|04|2029|423
376457687512002|09|2026|5146
5222735303190930|11|2028|915
5469970662385555|07|2032|901
6516530258017003|10|2030|661
4984070006951789|05|2028|326
4641270030797571|05|2033|671
4641270030797571|05|2033|671
4121877510861047|06|2029|648
4530670054022349|07|2029|764
4593840183318124|10|2031|846
4349492708183521|03|2028|129
4066699934930860|02|2032|105
4349492204041611|11|2028|880
4854640013109824|05|2028|604
6505700894334376|07|2028|699
5182771270650117|06|2028|393
5333171193127079|02|2028|921
4078320035746206|01|2027|977
4078320009012577|06|2027|654
371628715073010|05|2029|9120
5526933070443920|12|2028|863
5526933074837416|10|2028|808
4078430188426520|07|2028|802
4984075137724211|12|2025|819
4219600124631033|10|2031|924
4219600321246536|05|2031|729
4219600150614101|10|2031|125
4219600129978603|12|2027|807
4219600064846385|01|2028|601
4219600147765420|10|2031|454
4593830518306084|12|2027|212
4220619236792043|04|2028|775
4066550009640100|05|2032|270
4766070773041016|04|2032|731
4271642696786030|01|2029|654
4641270016852416|05|2032|192
4271642144734046|01|2027|702
4271642252356020|09|2027|110
5544730106705126|01|2030|728
376457687512002|09|2026|5146
5502091787691501|10|2027|716
5162928186466459|02|2032|612
5544730106705126|01|2030|728
5162921226868032|11|2031|214
4641270016852416|05|2032|192
5502091176034321|07|2030|921
4078430183196979|12|2028|604
4271642144734046|01|2027|702
4271642252356020|09|2027|110
5502096572857118|07|2032|547
5502092957660250|11|2030|643
5502092929869765|07|2032|814
5502093806762255|07|2031|177
5502095103964823|08|2029|129
5502094251093964|12|2027|347
5502096900423435|12|2032|830
5390910182823515|12|2028|335
5502099103693630|08|2032|528
5502099103693630|08|2032|528
5502092283807146|05|2031|013
5502093125653987|06|2030|308
5090911530608205|03|2026|009
4066699951159658|10|2032|199
6505970131539117|04|2030|169
4121773363628114|12|2026|951
5447313266533949|11|2028|349
5201328261005905|09|2028|065
5162926781187074|01|2029|238
4830310074633927|05|2031|234
4178490025247322|10|2025|670
6504869989157561|09|2025|827
5162925518892105|08|2031|113
6504869989157561|09|2025|827
4346397692098010|12|2027|448
4397010016919211|03|2030|540
4397010016919211|03|2030|540
4532117183617902|11|2031|731
4532117189528632|11|2027|413
5204051014941039|03|2029|845
4121773710180124|12|2027|856
4121773710180124|12|2027|856
4121773710180124|12|2027|856
4121773710180124|12|2027|856
4121773710180124|12|2027|856
4121773710180124|12|2027|856
4271680001032666|12|2031|505
4121773710180124|12|2027|856
4066550013367575|08|2031|440
5149451467196719|02|2031|382
5526376361220112|10|2026|945
4346396903013024|12|2027|358
4750556108337358|08|2026|596
4066699925720833|01|2028|894
4532117141321399|08|2025|861
6509019999966834|10|2030|529
6509200121070758|10|2032|314
6509019999966834|10|2030|529
6509200121070758|10|2032|314
4066699925720833|01|2028|894
4271680001032666|12|2031|505
4346391718188012|12|2027|968
4108634314627539|12|2029|638
4108634314627539|12|2029|638
4589199925310121|03|2032|437
4108639622831079|08|2028|349
4066559999346842|02|2028|731
4066559999900630|01|2032|300
4066559973365784|11|2025|045
6505969992267248|11|2025|409
4283920039670335|12|2025|752
4219580182231936|12|2027|419
4219580034058214|12|2027|844
4219580340948678|12|2027|006
4219580182231936|12|2027|419
4219580034058214|12|2027|844
4219580340948678|12|27|006
4219580122964430|10|2031|071
4219580122964430|10|2031|071
4219580122964430|10|2031|071
4261500069400674|09|2027|348
5531530220945433|02|2029|179
4096002940691127|10|2027|228
4037070119262345|07|2025|156
5357985240809392|02|2029|926
5357985240072090|12|2027|216
6505970112220042|05|2028|741
376440001132954|11|29|6348
5162926078527073|05|2032|004
5357985240809392|02|2029|926
5357985240072090|12|2027|216
6505190545884013|09|2026|151
6505830006655275|10|2027|687
6505830006634601|10|2027|337
6516670002165359|10|2027|259
6505699999647189|05|2029|897
4551811073571619|10|2025|194
4002340203296207|03|2030|199
4551841100181629|09|2032|498
4393900254969569|06|2030|100
6505689999897207|11|2032|180
6505689999897207|11|2032|180
4390133571771012|06|2029|826
4346399997060885|10|2027|262
4551831031299780|11|2027|639
4219580122964430|10|2031|071
6509140003951859|09|2025|576
4532117202611191|10|2032|600
4219580122964430|10|31|071
4158969898737075|04|2028|255
4158969898737075|04|2028|255
376440001132954|11|29|6348
4219580083626424|12|2027|691
4551831047309045|05|2028|547
4532117188095120|05|2032|979
5529370127668935|11|2028|596
5535940072438997|11|2028|654
4346399997060885|10|2027|262
5544738102046213|03|2027|887
6516560035987582|12|2028|558
4066699915574166|09|2025|571
4108634018085307|05|2028|974
6505970112220042|05|2028|741
4037070119262345|07|2025|156
4261500069400674|09|2027|348
5531530220945433|02|2029|179
4551831031299780|11|2027|639
4158969898737075|04|2028|255
4108634314627539|12|2029|638
4589199925310121|03|2032|437
4219580021094107|12|2027|579
4998180030815985|01|2027|995
5357985091077388|04|2030|723
5390910750631860|12|2032|954
4346399997060885|10|2027|262
6505830009891067|12|2028|008
6505070123114464|02|2028|440
4037070119262345|07|2025|156
379966000630777|02|2030|9256
5357985240809392|02|2029|926
6505970112220042|05|2028|741
4514011500337272|09|2026|372
4514011005035801|09|2028|350
5502096390384840|12|2031|031
4551831122436564|07|2028|235
4551831047309045|05|2028|547
6550007268412299|09|2027|448
6509010007507009|08|2032|994
6509010002051458|08|2030|202
6363680087080237|11|2032|888
6505120117529910|03|2028|847
6505910098163022|05|2027|472
6505910098163022|05|2027|472
376749114485004|05|2025|0689
4830310074633927|05|2031|234
4916550011887873|06|2028|166
6509050000800480|08|2032|087
4066559973365784|11|2025|045
4916550012282272|11|2028|757
4078430199408640|09|2028|551
4772502602104468|01|2025|704
4092810001863979|09|2028|337
5275895111434783|08|2027|042
4916550012282272|11|2028|757
4268070800092548|07|2028|574
4347690262147228|10|2028|093
4763310045204155|08|2029|468
4169160847746519|03|2027|975
4107497051104299|12|2028|181
4393540911435537|12|2031|781
4268070800032148|07|2028|389
4309639006043454|03|2029|269
4066559999753781|03|2028|933
4390202780523017|08|2032|915
4772143002420244|07|2025|710
4346396984503018|09|2027|685
6516560036185327|12|2028|659
4365010003011269|06|2030|369
374769000644813|07|2028|9123
4169161422068576|09|2028|508
4174012087889603|01|2031|757
4258501966051391|12|2028|230
4593840096454883|12|2027|914
4350870320593910|02|2028|783
4551831031299780|11|27|639
4346391938011010|06|27|638
4346391901182012|04|2027|034
4120031225596875|11|2026|847
4593840120815034|10|2031|879
4108634285618384|05|2028|001
4108634636915216|03|2028|924
4812741525648126|04|2026|348
4893890371357639|12|2032|379
4350870023970373|09|2025|180
5544730199975115|10|2030|079
4775870049503437|02|2030|570
4916550018580919|04|2029|301
374769006795197|04|2028|2254
4916550009790337|10|2026|040
6505968792592748|08|2026|168
4350870103064410|05|2027|350
4346397274394019|10|2027|607
4551850532583203|08|2031|759
4892020037954832|06|2028|652
5453680723947404|01|2030|253
4345602026209071|12|2027|649
4589195385323901|03|2027|152
4350870226664237|07|2026|904
4593840013225150|12|2027|955
4593840114329745|10|2031|734
4350870171640133|08|2026|395
6505120117529910|03|2028|847
4393540911435537|12|2031|781
4218210204761758|11|2025|206
4350870194036632|03|2027|389
4350870553488887|12|2029|414
5371422838075311|12|2033|964
4120030161896083|07|2029|249
4120031354682405|04|2028|213
4120031322541048|08|2028|098
4537473031026019|01|2027|212
4389000003982512|07|2029|657
4108634667267578|10|2029|467
4032300433749031|03|2031|467
4108634623589933|12|2029|136
4593830118057723|12|2027|744
5133071000907188|10|2029|925
4350870176063208|03|2026|340
4389000001048498|06|2029|333
4593840355519608|10|2031|602
4350870553488887|12|2029|414
4108634092041457|05|2028|558
4107155652023108|07|2025|143
4108633803773044|12|2029|075
4108637769763584|11|2027|835
5122672045690144|02|2030|768
4389000003982512|07|2029|657
4830310074633927|05|2031|234
4108637769763584|11|2027|835
4389000003982512|07|2029|657
4389000003982512|07|2029|657
5371428281287121|01|2033|968
4775870049503437|02|2030|570
4108637769763584|11|2027|835
4107155652023108|07|2025|143
5278870028905594|12|2031|015
4389000007837076|08|2029|433
4350870189420056|09|2026|649
5371421421864156|06|2033|316
5371427746552095|08|2033|982
6505910158899028|07|2027|962
2227636499414039|05|2029|056
4220537055951062|11|2028|652
4064410016779213|09|2025|342
4551831114975678|12|2025|715
4169161441841235|02|2029|581
4893890007945005|12|2029|269
5534502668268021|12|2027|785
4589196643980573|05|2032|336
6505910195042020|02|2028|185
2227634366404035|10|2031|267
4078430188426520|07|2028|802
2227637381683020|05|2029|421
4159440078401303|06|2029|079
4159440016811589|10|2028|401
2227637062913035|05|2032|535
6505910016243047|05|2027|793
6505910162959024|06|2026|073
2227639156836023|07|2029|468
5497380299559497|06|2031|093
4931035530556523|01|2026|382
4773930260526103|06|2026|994
4593830118057723|12|2027|744
4914129309190118|05|2030|969
4560160014461038|04|2027|284
4108634677007642|09|2028|944
4893890390025530|12|2032|233
4589195385323901|03|2027|152
4589194931321766|09|2026|901
4159440000457019|04|2027|179
4589190110523925|08|2028|954
4589192461401743|01|2026|546
2227635145099020|03|2029|990
4593840075392245|08|2028|498
4159440028188182|07|2029|601
4389000001048498|06|2029|333
5558890001248813|02|2027|964
4593840355519608|10|2031|602
5405930117989853|11|2028|731
5558890005036123|06|2027|939
4389000001048498|06|2029|333
4722800021277001|07|2029|639
5371422838075311|12|2033|964
4078430074216662|10|2029|885
5566730251686553|12|2027|429
5566730251686553|12|2027|429
5566730251686553|12|2027|429
5566730251686553|12|2027|429
4032300433749031|03|2031|467
5566730243055867|12|2028|162
5566730246004649|08|2027|620
5566730243055867|12|2028|162
4145060247700422|10|2029|373
4174010112159638|08|2025|756
4893910339959928|06|2028|053
4893910339959928|06|2028|053
4393900254969569|06|2030|100
4002340203296207|03|2030|199
4075050298155604|01|2031|909
4075050298155604|01|2031|909
4830422690755800|04|2032|071
4589195523710498|10|2025|311
4350870226664237|07|2026|904
5566730251686553|12|2027|429
4397010003982685|02|2027|552
4258502071121186|12|2028|276
5566730251686553|12|2027|429
5566730251686553|12|2027|429
5566730251686553|12|2027|429
5566730251686553|12|2027|429
5566730251686553|12|2027|429
5566730243055867|12|2028|162
5566730246004649|08|2027|620
5566730243055867|12|2028|162
4145060247700422|10|2029|373
4075050298155604|01|2031|909
4075050298155604|01|2031|909
4002340203296207|03|2030|199
4893910339959928|06|2028|053
4893910339959928|06|2028|053
4393900254969569|06|2030|100
4159440028188182|07|2029|601
4096010946015134|05|2027|351
4593840355519608|10|2031|602
4389000003982512|07|2029|657
4078430054114598|02|2029|745
4593830118057723|12|2027|744
4219580062140348|01|2028|055
4931003300475399|12|2026|908
4830310074633927|05|2031|234
4078430109277895|10|2026|315
6505650040100181|12|2031|246
4931005665207135|09|2032|141
4916550030652225|12|2027|098
4152742763596116|01|2029|625
4593840029431560|12|2027|293
4219620128845561|10|2031|038
4078430181841220|01|2029|572
4892020002200047|10|2026|139
4078430116146737|07|2028|993
4203120000344971|09|2032|342
4589199492711164|05|2032|348
6505120072638136|03|2028|590
4108634623463071|09|2028|091
4350870099064655|10|2025|252
4895040599351158|11|2025|085
4916550035803658|09|2027|412
4120031322541048|08|2028|098
4231540048254013|07|2026|828
4350870220525830|06|2026|666
4593830118057723|12|2027|744
4350870106437035|07|2026|212
4350870069758245|10|2025|943
2231153926342043|09|2032|425
4346396953363014|09|2027|633
4092309761211123|11|2032|985
4213830006704972|06|2028|993
4219620065686598|08|2028|282
4350870108669825|07|2026|573
4916550008211970|05|2028|426
4345591270107240|05|2029|216
4345591352400927|10|2029|021
4107170071899103|04|2027|557
2227635902203021|04|2029|756
2227633869334020|02|2029|994
4345591087686303|10|2026|760
2231152804509046|01|2033|983
4589191677468702|04|2026|677
2231158622753039|03|2031|647
5371427844274055|09|2032|806
2340742921797025|12|2030|311
6505910012962020|06|2026|176
6505910051247036|07|2027|610
4510142621277313|05|2028|457
2227636971663053|06|2032|511
5163610217220332|09|2026|065
5398320112766382|06|2026|948
4895040599550411|09|2027|408
4159440008298811|08|2026|395
2340741365134026|12|2030|313
2227632751570048|05|2032|133
374416900003449|09|2027|0469
4812741462312140|12|2025|276
4589197692862258|04|2032|930
4346400033955474|01|2033|445
5137719853145803|04|2026|113
2340740908737030|11|2031|774
2231154012212041|03|2030|173
4004970001340670|11|2031|126
4258502290457973|12|2028|100
4589193761292220|03|2027|047
5593370219426003|06|2032|976
2340741768880027|12|2030|600
2340741310314038|09|2031|578
5312600154280845|03|2028|595
5371422838075311|12|2033|964
4960450680990113|02|2026|082
4772729442556702|01|2029|023
5579070125237381|06|2026|405
4350870018377121|08|2025|579
5161590008107959|03|2028|513
4589197265395140|10|2025|642
4350870021306968|10|2025|134
2236563000489038|04|2033|459
4066559984241594|11|2025|007
5346160921647735|10|2026|201
5136475008520108|10|2026|888
5169201435147103|06|2028|935
5573840024192887|12|2026|026
5131301231343545|05|2026|672
5136465018636010|02|2027|411
2227637488616071|12|2030|430
5366700016518302|11|2029|855
4722800022486031|11|2025|590
5497382075934324|12|2028|558
4350870336019272|04|2028|007
4830310023713515|04|2032|160
4590060034115123|12|2027|078
4040310061177462|09|2029|062
4280820155844065|06|2029|974
2227639279704033|08|2030|878
4421910003303057|01|2028|468
4931014690136731|07|2027|042
5544630320255132|08|2029|894
4557880437710001|11|2025|485
4350870220525830|06|2026|666
4350870106437035|07|2026|212
4593600011341551|12|2027|599
4350870069758245|10|2025|943
4350870194036632|03|2027|389
2227636454718036|10|2031|794
5226268832441901|05|2031|068
4350870217618291|04|2026|163
4213830006704972|06|2028|993
4350870108669825|07|2026|573
2340744622785028|12|2030|328
2231152569401025|12|2029|233
4557881320987615|02|2028|517
4350870289514444|03|2028|273
2227638075976027|06|2029|909
4589190614849438|07|2027|167
2227635902203021|04|2029|756
4169160830278603|09|2026|000
2227633841629026|02|2029|580
2231154012212041|03|2030|173
4986550413561030|08|2027|285
4107490873110628|10|2027|376
4159440002916194|10|2025|764
4169161433581021|12|2028|723
4589193761292220|03|2027|047
4346397074590014|09|2027|430
4350870208342497|07|2027|504
5593370219426003|06|2032|976
2340741310314038|09|2031|578
4350870042584486|01|2026|593
4127930347553032|02|2028|763
4892020013033908|11|2026|471
4258502272755493|12|2028|029
4350870018377121|08|2025|579
2340741503966024|12|2030|917
4589195385323901|03|2027|152
2340747333352020|12|2030|410
4593840127150294|10|2031|584
4593804162542625|09|2025|137
2236560139314020|12|2030|731
4350870019522006|09|2025|678
5558890001248813|02|2027|964
4593840355519608|10|2031|602
2227635165381035|12|2030|969
4346391761435013|12|2027|196
4593840119708257|10|2031|358
4096035890015608|02|2028|789
6504850015738368|07|2027|809
4090132361705548|12|2027|520
4593830058987921|08|2028|355
4203120000344971|09|2032|342
5502098434517575|10|2029|116
4078430103989651|10|2028|392
5329240071988054|09|2028|535
5534507485268013|12|2027|719
4530670001335034|11|2029|273
4220619226543307|09|2028|484
4530670051920784|12|2029|822
4078430073124578|06|2029|833
4705981163988695|04|2030|101
6505070029744760|10|2028|810
4593830058987921|08|2028|355
4078430073124578|06|2029|833
4219600150614101|07|2031|125
6505700894334376|07|2028|699
4078430183196979|07|2028|604
4349492204041611|07|2028|880
4219600129978603|07|2027|807
4219600147765420|07|2031|454
4532117183617902|07|2031|731
4066550013367575|07|2031|440
4388576152471275|03|2027|745
376454322225009|07|2026|5742
4078430116146737|07|2028|993
4697710003525551|06|2028|140
4078430184112702|09|2028|579
4329581518750026|02|2029|547
4266841834298687|08|2029|731
370225411350486|01|2030|1433
4854640003612951|10|2028|713
5316810397071283|06|2029|173
4219600192288435|05|2031|900
4530670011554517|03|2029|996
4078430084179389|09|2027|936
6504299454077583|03|2028|372
4100390624470346|12|2027|639
4239850002575465|09|2027|411
4593540008151789|07|2028|774
4854641250493848|07|2028|723
6505190511731016|08|2026|531
6504859909252477|06|2031|980
4147202718824442|12|2029|156
4551831047309045|05|2028|547
4388576162556586|12|2027|035
6505250006008732|12|2028|975
5348060468758606|09|2028|622
6363680091392651|11|2032|097
4423120002574728|12|2026|663
4722800636230247|11|2026|899
4078430018612307|10|2028|920
6505699964231084|07|2032|259
5090053898489181|02|2029|751
4078430070369622|11|2028|227
4854640005005220|09|2028|724
4593540005954771|11|2028|649
4894140007879112|01|2029|813
6504859922429656|12|2030|923
6507270056828621|12|2028|919
4147404107404188|09|2026|620
6505070377377122|03|2028|916
4147202559357692|08|2027|040
4593840069757346|12|2027|262
4985560717770527|08|2031|043
5200486586131615|07|2032|003
4230715001498952|01|2027|495
5204050173362334|01|2026|397
6516670009494315|03|2029|592
4078430027267325|11|2029|998
6550060022486257|09|2028|323
5094854160848558|08|2030|655
5090056117605677|01|2028|002
4593830058987921|08|2028|355
376637691041003|01|2029|5577
4169161422479831|09|2028|117
5529370123596767|11|2028|299
4984015053092763|01|2027|448
4266841785890532|10|2028|336
370225946838179|01|2030|1712
6505070351383773|10|2032|104
374761000590955|03|2030|2166
376522978603008|01|2030|0453
4854640003974948|09|2028|277
374769004370837|05|2028|8172
4220532765352081|10|2026|446
4593830058987921|08|2028|355
4158969203576028|07|2028|841
6505070069602662|03|2028|118
4593830116867214|10|2031|367
5530960118956203|11|2028|271
4535620000116807|02|2030|300
4660570131993862|03|2029|624
4824149117639774|02|2028|081
376473000472907|01|2033|6918
6550070140071121|10|2032|137
4929132609930004|09|2029|673
5263260047705893|04|2032|038
4158969203576028|07|2028|841
6550360105845571|09|2031|285
4929132609930004|09|2029|673
5115889700352849|06|2028|520
5469970983857548|08|2031|671
6505070320728975|03|2028|957
5505685043725099|08|2032|497
4349492659442694|04|2029|976
6505830012581622|03|2029|854
4530670034590795|07|2029|541
5585490004653957|01|2029|977
5201323143655100|11|2028|254
4530670036837301|11|2029|771
6505070357878867|10|2032|120
4530670034590795|07|2029|541
6505070060824752|02|2028|885
4530670005741401|09|2029|133
6516770191131285|10|2032|752
4219620169295346|10|2031|122
4092810048027216|11|2028|014
5365187695517121|12|2028|020
4985810010394669|10|2030|974
6509520137125456|09|2029|205
5405930163060971|05|2031|696
5505685043725099|08|2032|497
379967004959709|07|2030|4363
6516670009633706|03|2029|110
4029188479066674|08|2030|541
4704550001934186|02|2026|858
376473000472907|01|2033|6918
6505070377377122|03|2028|916
4593830358613128|10|2031|237
4029188479066674|08|2030|541
5317059884029680|05|2032|460
6505070375787280|10|2032|568
4349565100806995|04|2029|528
5090058246369902|02|2027|391
4040242219638519|08|2026|145
4152742763596116|01|2029|625
6516670004900407|03|2029|616
4349565100806995|04|2029|528
4593830159576060|12|2027|704
4329582178437011|02|2026|475
4152742162412113|11|2026|610
4092810048027216|11|2028|014
5365181075707170|01|2029|672
5526376009830165|02|2032|741
6505830011641831|02|2029|131
4158967555622622|03|2028|602
6505070513667675|10|2032|169
4219600110637408|05|2031|682
6505070137421640|05|2032|366
5530960118964439|11|2028|605
4593830381805303|10|2031|739
6505070168745008|02|2028|517
376667354075006|04|2028|6397
6516590134092471|05|2032|598
5505685043725099|08|2032|497
374769004370837|05|2028|8172
5365184401903125|11|2028|446
6505275483564105|08|2026|810
5115882533962678|05|2028|864
5090550937860017|02|2028|309
4795630451003607|07|2029|263
4530670059821182|10|2029|873
5090590920933017|09|2029|645
5090051208215650|10|2027|174
4121773445348111|05|2027|945
5523161002341615|11|2026|794
6505070318521911|10|2032|143
6516670007777281|12|2028|321
6505699958847325|10|2032|713
4593830024199213|08|2028|592
5201323143655100|11|2028|254
6505070137421640|05|2032|366
5149110009577907|09|2027|080
4158969281442713|06|2032|050
5453680817749716|10|2030|893
4219600192288435|05|2031|900
4593840119708257|10|2031|358
4078430160160840|10|2028|705
5582859906330745|10|2026|161
5090590736416017|03|2028|808
4158969898614076|04|2032|548
6504860001825319|11|2030|067
4029188479066674|08|2030|541
6505120125929755|03|2028|206
6516670009997564|04|2029|189
4029188479066674|08|2030|541
4092304565789473|10|2031|651
4349492659442694|04|2029|976
5505685043725099|08|2032|497
4593840069757346|12|2027|262
4854645190789074|09|2027|664
4593830115527587|10|2031|841
6505070076243989|03|2028|617
4158967559548286|11|2031|247
4078430170547358|11|2028|441
4985810016357744|07|2031|679
4530670059792284|08|2031|637
377168733627970|09|2027|7116
5140869683687022|12|2027|439
6505070331997528|10|2032|618
4064410013136177|12|2025|402
4078430184112702|09|2028|579
4984532230877825|06|2027|898
4854646192576683|09|2027|761
6505070076243989|03|2028|617
4220619283952870|03|2028|735
4530670063103999|10|2029|179
6505699958667251|06|2032|822
377169924721028|08|2030|0265
6505699964231084|07|2032|259
6509140003951859|09|2025|576
4444562552821840|08|2025|832
4415243605990826|04|2029|732
4984018042724504|11|2026|874
379191200366177|11|2028|7014
5405930067581874|10|2028|386
5405930132202894|11|2028|528
5487210019705900|03|2026|695
5405930352949901|11|2028|330
5544738420752112|05|2030|196
5169201039143920|07|2029|779
5090058559783897|08|2029|380
4221030313804553|09|2031|739
4381085022109203|02|2030|223
4346398754141011|12|2027|990
6550360105602345|03|2032|384
5523161000843869|03|2027|534
6505070311674626|10|2032|972
4593830077499866|08|2028|345
4551821049239985|02|2032|994
4998180054969668|01|2030|070
4593840013225150|12|2027|955
4220619222510961|12|2028|572
374769001110533|11|2027|6334
4984424545404950|09|2028|428
5443159817117847|05|2027|916
5405930168710083|11|2028|385
4108633810709171|12|2029|592
4346392007362011|11|2027|554
6505699981515352|02|2032|325
4551850502125613|03|2032|445
4346391835623016|12|2027|596
4108633900399495|11|2028|743
6505070710382029|10|2028|157
4219580340948678|12|2027|006
4984069275197884|08|2025|006
5529370147795874|11|2028|049
4984076151363217|07|2027|865
4159440003134318|05|2027|191
4219580118079748|10|2031|001
4722800780049666|09|2027|717
5411871357539705|11|2028|918
6550060021232231|07|2028|104
4854648089167337|09|2025|994
5405930047986458|10|2028|591
4219580085165785|12|2027|830
5357985450130364|12|2027|345
4078430190007227|11|2028|600
4147097894785494|02|2026|023
6505070515488401|10|2032|657
4593840069866618|06|2028|529
4843789979535227|02|2032|444
4100400421046387|03|2026|577
5303990000851142|02|2029|089
4581891403218135|04|2029|504
4516076000885672|11|2025|792
4220612258428554|01|2026|981
5276070000251925|10|2025|940
4984069416652128|07|2029|722
4346391481352019|10|2032|846
4230711106234632|02|2029|412
4078381894962540|02|2028|928
6505070345255236|10|2032|136
4092810001253809|09|2028|250
5348060468758606|09|2028|622
5329240016133139|05|2026|873
5469970393658577|08|2031|046
5454620342307951|12|2030|050
6505070357878867|10|2032|120
6505070068107663|03|2028|829
4389040009567891|06|2032|639
4444562552821840|08|2025|832
6505070374357861|10|2032|985
4984422546825512|05|2029|035
4078430111032635|09|2027|528
4500655020905798|11|2025|869
4593840316679384|10|2031|760
4985810085898362|10|2030|619
6505070318521911|10|2032|143
6505968792592748|08|2026|168
4346396850092013|09|2027|513
4346397436282011|11|2027|566
4078380017122602|11|2026|810
6505968792592748|08|2026|168
5090055682170349|05|2029|637
5305991445835037|03|2031|439
5522890003844604|11|2028|734
5487240742971842|01|2032|353
4346396850092013|09|2027|513
4346397436282011|11|2027|566
4346398817503017|12|2027|876
4078380017122602|11|2026|810
4329585595489010|04|2029|053
5305991344593406|11|2030|316
4704550001934186|02|2026|858
5149110009577907|09|2027|080
5263260010469568|12|2027|587
6504871650006879|01|2031|526
5585480068600135|10|2030|776
5303990004246620|05|2029|129
4346396962677016|09|2027|767
5529370110662788|11|2028|082
4593600015599733|01|2028|014
6516679604240965|07|2027|892
4078430138343304|02|2029|836
4078430144758768|07|2028|270
6505070375787280|10|2032|568
5529370155724048|11|2028|871
5405930011365077|05|2026|284
5587630013046101|05|2026|219
5464529749515769|04|2026|444
4929132609930004|09|2029|673
4219580029183407|01|2028|201
4220619390029596|12|2028|366
4806320106411200|05|2028|750
5447313455471265|06|2028|106
4893890455476479|12|2029|248
5185444910000062|05|2032|224
4346399990472996|04|2032|570
4145060247700422|10|2029|373
4854645577283832|10|2028|204
5469970078975205|12|2032|448
4737034054933115|04|2027|725
4540332091243028|04|2027|169
5350160537278316|02|2028|861
5357985210606026|12|2027|646
4984531119741698|09|2026|031
5267785076395063|03|2032|643
4593830063397843|08|2028|149
4266841860962388|02|2030|678
4707492393824948|10|2031|439
4381085022109203|02|2030|223
4548320020115757|11|2029|528
4031630893736800|12|2028|344
4593540008383291|08|2025|259
5176085143594933|10|2027|574
6502720016168315|08|2030|262
5181760030947435|05|2031|599
5424210957021027|04|2027|804
4843780990014813|06|2026|282
5536680010026574|08|2026|522
5354564990130623|11|2025|554
4517570009763434|02|2031|468
5283920704002886|08|2029|941
4677910010672057|11|2029|866
4737029161899381|12|2025|704
4737024062779840|07|2027|822
4108634371032490|12|2029|154
376667354075006|04|2028|6397
4078430141727709|02|2029|674
4745254662239453|02|2026|093
375380831452001|08|2029|3943
6516560038615719|03|2029|832
5350160149544824|03|2029|602
4142240050821266|04|2027|494
5137718115424899|09|2025|021
4532117140690331|11|2026|005
4532117203022398|11|2032|707
4737020030523583|03|2028|721
5448242293348410|12|2028|472
4158969282861986|01|2028|015
4090132355332119|07|2027|645
5355221144827757|06|2028|353
4517690106429547|02|2026|062
4037070125334930|09|2026|673
4893210002796016|01|2029|585
5454620265204151|04|2029|727
4833120185159614|03|2029|363
4096003700332134|04|2028|555
4104250010018974|07|2028|930
4532117174147554|09|2025|668
4641279976047529|12|2027|608
4641280000975354|12|2025|872
4806320155303019|09|2027|798
4773931285345206|10|2026|967
5368050027620905|05|2027|472
6505273604618108|05|2026|339
4517690161364175|01|2031|547
5090056117605677|01|2028|002
5469970797767537|10|2031|669
6516529995906379|05|2027|993
5469970986254909|06|2031|085
5469970154181470|06|2031|361
4006340190874517|07|2030|161
4737029161899381|12|2025|704
5469970113715814|04|2032|971
5445700071159872|11|2028|462
4517570009763434|02|2031|468
4897881047241881|08|2026|349
4152751609257171|02|2029|699
6505070374357861|10|2032|985
4179582041136007|12|2028|060
5469970805519029|08|2031|934
5253201384383854|07|2031|845
5529370198232967|11|28|829
5469970707856206|04|2032|457
5469970372040722|10|2030|538
5523161002341615|11|26|794
6516590011584434|05|2028|191
5469970814935885|09|2031|134
5350810211729873|05|2032|336
5469970351426314|07|2031|792
4745254745407416|11|2028|572
4078430126477767|08|2028|708
4481656890260440|11|29|039
4271673249411032|02|2028|012
4165983728072406|12|2029|852
4593830075968755|12|2027|852
5443150015079970|03|2029|286
4984011101285863|06|2028|996
4108634371032490|12|29|154
4593840519069920|12|2027|324
5469970400930563|01|2032|445
6516590188745909|10|2032|098
5357985091175174|07|2030|977
5469970220765918|07|2031|517
4893210002796016|01|2029|585
5469970670365037|10|2030|689
4593840338191624|10|2031|165
4593840322485776|12|2027|734
5304349177497024|12|2027|511
5453681035674447|04|2031|499
5283921029622085|03|2032|067
5453680907796841|04|2031|562
5162400016538675|12|2027|110
5090058902906450|05|2028|426
4970407388815834|12|2025|610
4593830335273103|10|2031|363
4972039768334660|09|2026|678
4984071161815520|08|2028|711
5415550584830782|02|2032|372
5438821756105854|02|2032|126
4078380325539489|05|2028|548
4224102252404484|11|2029|221
4159440010338431|01|2027|149
4593840317248957|10|2031|519
5115881623750118|03|2026|354
4806320077385441|08|2025|816
5587630127317042|11|2028|345
4090132358116378|09|2027|152
6516560030010646|06|2028|153
4334870014253699|08|2029|086
4593830042195433|12|2027|694
4078430001930369|01|30|157
4078430070176662|08|2029|460
4389040009567891|06|2032|639
4509950239166808|07|2030|842
4984071162637584|04|2028|246
4078430083555597|11|2026|280
379191200366177|11|2028|7014
4121773448015212|03|2028|750
4592440100030075|04|2029|639
4100840000723437|10|2029|886
6516670001542970|08|2027|712
5309941112213535|04|2031|465
6505250003723127|06|2027|666
5176085143594933|10|2027|574
4078430056995978|09|2026|058
4345890100231414|12|2027|780
4329586970331017|09|2029|471
4551841068707167|06|2028|625
4593840162153195|10|2031|813
4078430133867257|02|2029|651
4078430126890662|08|2028|889
6505070030525646|02|2028|099
6505070075286781|02|2028|824
5263260015410450|12|2027|499
4551811165283347|03|2028|439
4078380419337808|09|2030|702
5357550104413374|01|2027|430
4230721102300287|10|2028|864
4078430049665175|12|26|868
6516770130790902|10|2032|867
376418706217007|08|2027|0688
5091516646356661|10|2029|810
4893890448693859|12|2029|011
5469970974264670|08|2031|858
4078320032343825|11|29|492
5488860000037934|12|2027|360
5414650236196086|03|2026|406
5447641051562735|09|2029|813
5469970953857478|05|2027|097
4589194460944673|08|2025|986
5454309772658022|12|2027|654
4078430008015503|03|27|212
4078430145774194|08|2028|038
4165981675106011|02|2030|807
4078430081448753|02|27|766
4806320291659373|02|2032|823
4766635255701632|08|2030|337
4078430184457511|03|2029|892
4593840086651886|12|2027|335
5133791116210629|11|2027|371
4589199210534963|04|2032|123
4737024062779840|07|2027|822
4158969897952949|11|2027|244
4589192928384961|02|2028|569
5090910545349300|12|2026|452
4906388130118306|05|2029|022
5232842690748169|07|30|604
4119110095821861|10|2031|714
4061662105547306|03|2028|830
4108634443958730|07|2028|861
5469970161622458|09|2030|142
5469970441453252|04|2032|464
4546420029152652|03|2027|849
4078430016387449|10|2026|878
376454322225009|07|2026|5742
5485140658627010|03|2032|803
4127913309429276|03|2029|749
5283920038064743|08|2027|916
4066699935352734|06|2028|712
5469970737063070|05|2032|753
5137718115424899|09|2025|021
4589195491560826|11|2025|581
6505120164354659|03|2028|454
5090057678203126|09|2028|392
4854642165101542|07|2027|210
4854642194436786|10|2027|423
5469970620344538|07|2030|133
4641279994423256|10|2025|093
6505970134321612|07|2031|603
4854643207111671|12|2027|417
4854641252270186|07|2028|437
5090058559783897|08|2029|380
4078430076799327|11|2028|000
4530670001335034|11|2029|273
379975238542019|02|2029|9430
5204051009926813|03|2029|016
4078430141727709|02|29|674
4040249789472476|10|2028|497
4593540010201879|09|2026|699
4589196724450967|01|2032|638
4040240040518355|08|2025|973
4824840008543774|07|2027|326
6505940177093188|09|2032|293
6516590134092471|05|2032|598
4078430083555597|11|2026|280
4165980115929701|02|2030|501
6505120126649501|03|2028|472
4737020030523583|03|2028|721
6516770191131285|10|2032|752
5405930316786167|11|28|008
374759000725902|08|2030|2166
4220611372517284|12|2028|387
6505070710382029|10|2028|157
6505190202553026|09|2027|270
5482939921629874|04|2027|879
5493910456931776|10|2031|846
4078430126248515|05|2028|732
4745251803003301|04|2028|769
5274070881345533|01|2032|339
5181760030947435|05|2031|599
6505070030133359|03|2028|623
4078430075718641|09|2028|492
5309941385276409|08|2032|699
4795655915259719|07|28|982
5447318406926101|01|2028|241
4532117128093623|12|32|665
4040247244577731|04|2028|774
4220611348495441|12|2028|641
4984080002536674|12|2028|985
4165981568330512|01|2028|576
4551481090250140|12|2028|396
6505070068107663|03|2028|829
5122692033617727|04|2026|015
6505070048732333|02|2028|767
374768003885837|09|2027|7952
4593840358930117|10|2031|903
6505070347846727|10|2032|816
5530960118964439|11|2028|605
6505070515488401|10|2032|657
6505700548912585|07|2028|420
4078430195750995|11|2028|461
4985560570426944|04|2031|944
4998180081545119|07|2028|916
5366700013768694|08|2028|548
6550360103518196|09|2032|883
5464790354087359|09|2028|398
4093086947081054|09|2026|635
4593830130114601|10|2031|253
6505700533160646|09|2028|800
4824149114057632|12|2027|466
4108634634793300|08|2028|642
4330600000269282|07|2027|392
4705980458084400|01|2029|135
4078430142450400|08|2029|813
4737023097180354|02|2028|227
4147202638174423|10|2028|457
4220612449561172|12|2028|949
4641279972778184|02|2028|561
4593840045925397|12|2027|319
5384050000490821|12|2026|461
4346390003149820|07|2032|361
6505699964231084|07|2032|259
4589195040345117|05|2032|684
5140870436704072|07|2028|959
4824253608149119|09|2025|759
5090055682170349|05|2029|637
4037070125334930|09|2026|673
5355221144827757|06|2028|353
4854647203205585|12|2027|942
4593840364654438|10|2031|141
4682123493987132|12|2031|923
4398180455374001|04|2029|174
4737034054933115|04|2027|725
4078430026531267|12|2026|136
6505970141654989|10|2032|889
4220619232055221|05|2028|043
5355851556172985|01|2030|724
4078380100060313|04|2028|508
4551831058444376|12|2031|145
4220611389075854|10|2028|349
4682123495871235|01|2032|658
4593840384601856|10|2031|189
5302320018108684|07|2029|263
372246417871000|02|2027|8264
4040240010367593|08|2025|649
5361430624836103|03|2032|354
4043840000795310|10|2029|282
4078430187937147|04|2029|723
4078430184457511|03|2029|892
6504859877394459|12|2030|099
376449504451027|03|2030|3452
6505120139649761|03|2028|740
6505940114704897|09|2032|368
4006340711176012|01|2032|186
6505190511731016|08|2026|531
5263260043706507|11|2031|851
5411871357539705|11|2028|918
4593840069866618|06|2028|529
4078430165431675|09|2028|737
4078430052519665|10|2026|326
4078430053042352|11|2026|191
4078430169752944|12|2028|837
4152741890454124|03|2026|952
4830420073967422|05|2026|192
5307802618361180|07|2027|768
4973019314892212|09|2027|224
4078430010329488|03|2027|633
4895040700968122|10|2027|638
4100390503017317|02|2027|664
5489841019956065|03|2029|325
4100390503017317|02|2027|664
4100390261080465|01|2027|947
4100390101512420|03|2026|581
4100390079791543|07|2026|718
4100390079799124|07|2026|878
4100390540347479|11|2025|011
4100390658674557|09|2026|034
4100390658679697|09|2026|193
4984236083282535|04|2026|500
4346396850092013|09|2027|513
4346397436282011|11|2027|566
4346398817503017|12|2027|876
4078380017122602|11|2026|810
4346396850092013|09|2027|513
4346397436282011|11|2027|566
4346396850092013|09|2027|513
4346396850092013|09|2027|513
4346396850092013|09|2027|513
4346397436282011|11|2027|566
4346398817503017|12|2027|876
4346397436282011|11|2027|566
4346397436282011|11|2027|566
4346396850092013|09|2027|513
4346396850092013|09|2027|513
4078380017122602|11|2026|810
4346398817503017|12|2027|876
4346398817503017|12|2027|876
4346397436282011|11|2027|566
4346397436282011|11|2027|566
4219580135816296|10|2031|034
6505070151620531|02|2028|527
5502090932809042|03|2031|915